0 0.3796875 0.04765625 0.07265625 0.07890625
0 0.328125 0.121875 0.121875 0.159375
0 0.10390625 0.2328125 0.115625 0.14296875
0 0.5796875 0.096875 0.1515625 0.1734375
0 0.809375 0.1515625 0.13125 0.15859375
0 0.80234375 0.403125 0.1453125 0.16640625
0 0.51328125 0.590625 0.13984375 0.171875
0 0.359375 0.540625 0.19609375 0.21640625
0 0.14453125 0.4453125 0.1984375 0.20703125
0 0.77421875 0.7890625 0.16328125 0.15
0 0.64453125 0.82265625 0.1515625 0.1875
0 0.41953125 0.796875 0.1 0.1484375
0 0.12109375 0.7953125 0.12734375 0.159375