0 0.859375 0.13125 0.1015625 0.1140625
0 0.403125 0.03515625 0.0625 0.0703125
0 0.1234375 0.0171875 0.1296875 0.034375
0 0.4046875 0.26484375 0.1265625 0.034375
0 0.30703125 0.37890625 0.05625 0.0703125
0 0.8296875 0.6921875 0.0859375 0.115625
0 0.7765625 0.76328125 0.096875 0.159375
0 0.56953125 0.80703125 0.09296875 0.13359375
0 0.50859375 0.871875 0.0890625 0.16328125
0 0.26328125 0.7890625 0.07890625 0.09140625
0 0.09609375 0.80859375 0.07109375 0.09765625
0 0.2625 0.9265625 0.090625 0.0890625