0 0.8928571428571429 0.14666666666666667 0.12337662337662338 0.12333333333333334
0 0.4305194805194805 0.1575 0.1 0.145
0 0.5772727272727273 0.15045 0.16493506493506493 0.13055833333333333
0 0.15584415584415584 0.19625 0.16623376623376623 0.2225
0 0.5448051948051948 0.30218333333333336 0.12077922077922078 0.1373
0 0.4016233766233766 0.4875 0.1305194805194805 0.115
0 0.9038961038961039 0.4945833333333333 0.1038961038961039 0.13083333333333333
0 0.5422077922077922 0.5079166666666667 0.14415584415584415 0.15583333333333332
0 0.1396103896103896 0.5254166666666666 0.13636363636363635 0.1925
0 0.875974025974026 0.7483333333333333 0.15974025974025974 0.17
0 0.17467532467532468 0.7695833333333333 0.20909090909090908 0.21416666666666667
0 0.6392077922077922 0.28775833333333334 0.06158441558441559 0.05607500000000001
0 0.13166233766233765 0.3815 0.07562337662337662 0.057441666666666676