0 0.8672627235213205 0.20289248334919124 0.2297111416781293 0.15557564224548048
0 0.16024759284731774 0.2096289248334919 0.20495185694635487 0.1440152235965747
0 0.4126547455295736 0.36679352997145576 0.1815680880330124 0.12274024738344434
0 0.687757909215956 0.4928639391056137 0.1815680880330124 0.11227402473834443
0 0.47551581843191193 0.6250903901046623 0.12107290233837689 0.09419600380589914
0 0.30889958734525447 0.6251189343482397 0.11127922971114168 0.09514747859181731
0 0.6269463548830811 0.6444719314938154 0.17112792297111418 0.13225499524262607
0 0.15199449793672629 0.6512844909609895 0.1939477303988996 0.14747859181731685
0 0.8727647867950481 0.6522359657469077 0.1939477303988996 0.14367269267364416
0 0.8768913342503438 0.06373929590865841 0.1939477303988996 0.11416745956232159
0 0.16368638239339753 0.06675547098001902 0.20907840440165062 0.13351094196003804