0 0.8550618982118294 0.10133206470028544 0.22383768913342503 0.1874405328258801
0 0.09009628610729023 0.15651760228353948 0.1361760660247593 0.0922930542340628
0 0.7158046767537827 0.2854519505233111 0.07259972489683632 0.07784015223596574
0 0.8469325997248969 0.3005137963843958 0.17958734525447043 0.14081826831588962
0 0.34731774415405775 0.31588962892483347 0.2077028885832187 0.16175071360608945
0 0.11760660247592847 0.38582302568981924 0.14442916093535077 0.07326355851569934
0 0.6818294360385144 0.06232159847764034 0.11196698762035764 0.11512844909609896
0 0.15268225584594222 0.6334253092293054 0.2696011004126547 0.13841103710751665
0 0.8180742778541953 0.6377069457659372 0.23456671251719394 0.14886774500475738
0 0.14236588720770288 0.7797050428163654 0.2517193947730399 0.14895337773549003
0 0.8232462173314993 0.7947478591817316 0.22420907840440166 0.16121788772597526
0 0.17056396148555708 0.9196098953377735 0.2640990371389271 0.12464319695528069