0 0.173801775147929 0.16158333333333333 0.2279363905325444 0.20077083333333334
0 0.8112130177514792 0.14869270833333334 0.2046819526627219 0.17498958333333334
0 0.11574704142011835 0.38317708333333333 0.11182692307692307 0.172609375
0 0.23463017751479293 0.3842760416666666 0.13857248520710058 0.16894791666666667
0 0.6451257396449704 0.37657291666666665 0.10918639053254438 0.15661458333333333
0 0.750103550295858 0.387234375 0.09874999999999999 0.16042708333333333
0 0.856457100591716 0.38366666666666666 0.10794378698224852 0.17097916666666665
0 0.19678254437869824 0.6083593749999999 0.15184911242603552 0.22713541666666667
0 0.40105769230769234 0.56825 0.13879437869822486 0.14692187499999998
0 0.568698224852071 0.5651041666666666 0.148646449704142 0.16145833333333334
0 0.7265754437869822 0.5982552083333333 0.12520710059171597 0.20713541666666666
0 0.8492825443786982 0.59534375 0.12229289940828403 0.21556770833333333
0 0.8098890532544379 0.8782135416666667 0.2020266272189349 0.19131770833333334