0 0.8608284023668639 0.108265625 0.1633801775147929 0.18007291666666667
0 0.4060133136094674 0.3549166666666667 0.1561094674556213 0.17077083333333334
0 0.23789201183431952 0.171390625 0.1394526627218935 0.21451562500000002
0 0.11335798816568046 0.21318229166666666 0.10704881656804734 0.18938541666666667
0 0.12514792899408284 0.4066666666666666 0.13062869822485207 0.12583333333333332
0 0.145051775147929 0.5562083333333334 0.17042159763313608 0.14106249999999998
0 0.6961612426035503 0.5700677083333333 0.08552514792899409 0.11930208333333334
0 0.7848372781065088 0.5487395833333333 0.08845414201183432 0.12386979166666667
0 0.8732544378698226 0.555046875 0.07803994082840238 0.14134375
0 0.8349778106508876 0.730234375 0.152344674556213 0.17661458333333335
0 0.3880917159763314 0.7011041666666666 0.1165680473372781 0.118359375
0 0.22370562130177513 0.7047656250000001 0.11324704142011835 0.12568229166666667
0 0.111353550295858 0.8781718749999999 0.10303254437869823 0.11572395833333333