0 0.15852810650887575 0.12204687500000001 0.13818047337278105 0.12169791666666667
0 0.19956360946745563 0.35825520833333335 0.2202810650887574 0.164421875
0 0.2314940828402367 0.7008697916666667 0.15101331360946746 0.156953125
0 0.39506656804733725 0.8366666666666667 0.16903846153846153 0.199375
0 0.7188683431952663 0.8650677083333334 0.14201923076923076 0.12336458333333335
0 0.8947633136094675 0.68603125 0.09810650887573963 0.12987500000000002
0 0.7788313609467455 0.71403125 0.14892011834319527 0.18391666666666667
0 0.3836168639053254 0.5243697916666666 0.09283284023668639 0.13467708333333334
0 0.46761094674556214 0.5019843749999999 0.07572485207100592 0.11073958333333334
0 0.8618934911242603 0.39281770833333335 0.1618121301775148 0.230953125
0 0.8828994082840237 0.16080729166666666 0.12245562130177515 0.19921354166666666
0 0.7553920118343195 0.16052604166666665 0.1411094674556213 0.19865625