0 0.15643491124260356 0.18033854166666666 0.19690088757396448 0.12369270833333333
0 0.4368934911242603 0.151625 0.15456360946745562 0.18085416666666668
0 0.1695414201183432 0.350875 0.22310650887573963 0.18514583333333334
0 0.35175295857988165 0.3501875 0.14471153846153847 0.18491666666666667
0 0.5143491124260355 0.351 0.1819526627218935 0.183765625
0 0.338439349112426 0.5364322916666667 0.17259615384615384 0.158796875
0 0.5105251479289941 0.5347864583333333 0.17480029585798817 0.15290625
0 0.26576923076923076 0.8082239583333333 0.12436390532544378 0.15811458333333334
0 0.12995562130177513 0.8596874999999999 0.1439423076923077 0.22458333333333333
0 0.5604733727810651 0.13713020833333334 0.09340236686390532 0.15446354166666668
0 0.6768121301775147 0.55678125 0.1466715976331361 0.19689583333333335
0 0.822344674556213 0.5085000000000001 0.04571745562130178 0.06388020833333334
0 0.8678180473372781 0.5525625000000001 0.044541420118343195 0.068671875