0 0.09871669626998224 0.2327 0.10460035523978686 0.1779
0 0.10671403197158082 0.83109375 0.0880328596802842 0.24135625000000002
0 0.2361190053285968 0.15934375 0.07448490230905862 0.20619375
0 0.21264653641207815 0.79169375 0.03938277087033748 0.10005625
0 0.28157637655417406 0.80590625 0.09732238010657193 0.27014375
0 0.30954262877442273 0.21975625000000001 0.07173623445825933 0.22284375
0 0.3777930728241563 0.19418125 0.06180728241563055 0.2008625
0 0.43949822380106573 0.16295 0.06345470692717585 0.2032625
0 0.6166341030195382 0.20158125 0.11912078152753108 0.22815625
0 0.7335479573712256 0.17055625 0.11316163410301953 0.22444375
0 0.896323268206039 0.4902 0.10123445825932503 0.21790625