0 0.6690521978021978 0.1246376811594203 0.07126373626373626 0.13526570048309178
0 0.5393956043956044 0.15120772946859903 0.17494505494505494 0.19033816425120773
0 0.7760989010989011 0.38164251207729466 0.23076923076923078 0.15072463768115943
0 0.18063186813186813 0.40531400966183573 0.15247252747252749 0.1961352657004831
0 0.6243131868131868 0.7144927536231884 0.11675824175824176 0.1497584541062802
0 0.1559065934065934 0.7154589371980676 0.10027472527472528 0.1497584541062802
0 0.4855769230769231 0.7164251207729468 0.125 0.1536231884057971
0 0.35782967032967034 0.721256038647343 0.11950549450549451 0.15942028985507245
0 0.1559065934065934 0.8903381642512077 0.10027472527472528 0.12270531400966184
0 0.4642857142857143 0.9164251207729469 0.07967032967032966 0.0821256038647343
0 0.8410714285714285 0.09323671497584542 0.07947802197802198 0.0650048309178744