0 0.9159009628610729 0.10325404376784014 0.1155433287482806 0.08162702188392008
0 0.12438789546079781 0.2039105613701237 0.14198074277854195 0.12690770694576592
0 0.9037138927097662 0.2055185537583254 0.15955983493810177 0.11988582302568981
0 0.7019119669876204 0.3483349191246432 0.10678129298486932 0.10066603235014272
0 0.5405777166437414 0.3557183634633682 0.20907840440165062 0.11641294005708848
0 0.8698349381017881 0.3691722169362512 0.22184319119669876 0.142721217887726
0 0.32196698762035764 0.3698572787821123 0.20565337001375514 0.14217887725975262
0 0.13276478679504813 0.4251950523311132 0.1637414030261348 0.16960038058991436
0 0.5116918844566712 0.4829210275927688 0.15680880330123798 0.1222930542340628
0 0.49803301237964237 0.060894386298763085 0.23422283356258597 0.12178877259752617
0 0.14845942228335626 0.6693244529019982 0.19551581843191196 0.12267364414843007
0 0.3775790921595598 0.6793529971455756 0.218707015130674 0.13701236917221693
0 0.2236588720770289 0.069162702188392 0.30702888583218707 0.1376022835394862
0 0.6024759284731774 0.6850618458610847 0.20907840440165062 0.14843006660323502
0 0.8350894085281981 0.6855375832540438 0.24729023383768914 0.1455756422454805
0 0.5797799174690509 0.9162702188392008 0.1746905089408528 0.1522359657469077
0 0.4692022008253095 0.23024738344433873 0.08811554332874828 0.0771836346336822
0 0.2404264099037139 0.2297526165556613 0.07037138927097661 0.0731779257849667
0 0.6550068775790922 0.05552806850618459 0.07061898211829437 0.07706945765937202
0 0.10832187070151307 0.7660989533777355 0.1148968363136176 0.06355851569933396