0 0.640990371389271 0.14405328258801142 0.15955983493810177 0.09058039961941008
0 0.11966987620357634 0.3491912464319695 0.17056396148555708 0.1313035204567079
0 0.281939477303989 0.4928639391056137 0.08261348005502063 0.07611798287345385
0 0.12429160935350757 0.528639391056137 0.2210729023383769 0.14764985727878213
0 0.8431911966987621 0.5347288296860133 0.1953232462173315 0.16175071360608945
0 0.6416781292984869 0.05351094196003806 0.15543328748280605 0.08418648905803996
0 0.11469050894085281 0.661674595623216 0.16061898211829437 0.11319695528068506
0 0.8370013755158184 0.08039961941008564 0.21320495185694635 0.16079923882017128
0 0.828748280605227 0.8077069457659372 0.2297111416781293 0.12159847764034253
0 0.13067400275103164 0.08230256898192198 0.17881705639614856 0.13225499524262607
0 0.13961485557083905 0.8448334919124643 0.17744154057771663 0.11212178877259753
0 0.35694635488308113 0.847012369172217 0.13892709766162312 0.06318744053282588
0 0.2867950481430536 0.934452901998097 0.19119669876203577 0.06257849666983825
0 0.8535075653370013 0.9276879162702188 0.15543328748280605 0.11227402473834443