0 0.8665749656121046 0.27783063748810655 0.24209078404401652 0.11417697431018078
0 0.6038514442916093 0.28068506184586106 0.2640990371389271 0.1065651760228354
0 0.11898211829436038 0.29019980970504283 0.11966987620357634 0.07992388201712655
0 0.32668500687757906 0.29971455756422455 0.0921595598349381 0.07040913415794481
0 0.905777166437414 0.4154614652711703 0.1609353507565337 0.09256898192197907
0 0.6763273727647868 0.44100856327307325 0.1724621733149931 0.14176974310180782
0 0.32393397524071527 0.48477640342530925 0.1499312242090784 0.12464319695528069
0 0.8429436038514444 0.5209705042816365 0.1490646492434663 0.07888677450047574
0 0.8940852819807428 0.05137963843958135 0.1485557083906465 0.09324452901998097
0 0.6072902338376891 0.060418648905804 0.25722145804676755 0.120837297811608
0 0.3703576341127923 0.07231208372978117 0.1781292984869326 0.14462416745956233
0 0.8768913342503438 0.7426260704091342 0.1939477303988996 0.14367269267364416
0 0.16607977991746906 0.07992388201712655 0.20561210453920217 0.1598477640342531
0 0.2125171939477304 0.9191246431969553 0.24346629986244842 0.14652711703139867