0 0.3576341127922971 0.3765432098765432 0.14580467675378267 0.11301044634377967
0 0.1643741403026135 0.3808167141500475 0.22145804676753783 0.11965811965811966
0 0.9037138927097662 0.5935422602089269 0.14305364511691884 0.10446343779677113
0 0.8617606602475929 0.05586894586894587 0.21320495185694635 0.11174738841405508
0 0.6286107290233838 0.06125356125356125 0.17606602475928473 0.1225071225071225
0 0.29118294360385144 0.0698005698005698 0.17370013755158184 0.1396011396011396
0 0.8707015130674003 0.7374169040835707 0.22558459422283356 0.11301044634377967
0 0.17262723521320494 0.748338081671415 0.2297111416781293 0.1291547958214625
0 0.672627235213205 0.748338081671415 0.14305364511691884 0.0892687559354226
0 0.45885832187070147 0.07597340930674264 0.14968363136176066 0.15194681861348527
0 0.12646492434662998 0.07597340930674264 0.14563961485557084 0.1462488129154796
0 0.16368638239339753 0.8981481481481481 0.20907840440165062 0.16571699905033238
0 0.7982943603851445 0.13300094966761636 0.08689133425034389 0.03787274453941121