0 0.8734525447042641 0.17982873453853473 0.15130674002751032 0.1027592768791627
0 0.40440165061898214 0.20501427212178877 0.1843191196698762 0.11709800190294957
0 0.18019257221458046 0.22026641294005708 0.24759284731774414 0.08658420551855375
0 0.6163411279229711 0.3555375832540438 0.23404401650618983 0.12233111322549951
0 0.39573590096286104 0.36012369172216935 0.2 0.13223596574690769
0 0.843878954607978 0.3615604186489058 0.21321870701513065 0.13701236917221693
0 0.1658046767537827 0.37392959086584204 0.2545667125171939 0.15794481446241673
0 0.550990371389271 0.4477640342530923 0.10020632737276478 0.052159847764034255
0 0.1781292984869326 0.04995242626070409 0.23796423658872076 0.09990485252140818
0 0.8693259972489684 0.06251189343482398 0.21182943603851445 0.12503330161750714
0 0.8060522696011004 0.7297811607992388 0.27785419532324623 0.08943862987630828
0 0.4078404401650619 0.0747954329210276 0.1856946354883081 0.13607992388201715
0 0.5550206327372765 0.7607040913415795 0.1746905089408528 0.14747859181731685
0 0.2173314993122421 0.763558515699334 0.2310866574965612 0.1493815413891532
0 0.8026134800550206 0.9281636536631779 0.2902338376891334 0.13986679352997144
0 0.10041265474552957 0.9481446241674596 0.12104539202200826 0.08658420551855375