0 0.4814305364511692 0.211465271170314 0.14030261348005502 0.10800190294957183
0 0.14099037138927098 0.2887725975261656 0.19119669876203577 0.12274024738344434
0 0.8562585969738652 0.43546146527117036 0.19119669876203577 0.1097431018078021
0 0.1455433287482806 0.4470313986679353 0.20907840440165062 0.12539486203615605
0 0.1499312242090784 0.048525214081826834 0.1623108665749656 0.09705042816365367
0 0.8713892709766162 0.5454329210275928 0.16368638239339753 0.09657469077069458
0 0.14718019257221457 0.5696764985727878 0.2310866574965612 0.11243577545195052
0 0.32737276478679506 0.06945765937202664 0.15405777166437415 0.13891531874405327
0 0.4594085281980743 0.7117031398667936 0.1238239339752407 0.11607992388201713
0 0.23061898211829435 0.724709800190295 0.32367262723521323 0.14019029495718363
0 0.6243053645116919 0.7280875356803045 0.186767537826685 0.14924833491912465
0 0.838624484181568 0.7288296860133207 0.22646492434662996 0.14843006660323502
0 0.842503438789546 0.07706945765937202 0.22420907840440166 0.15413891531874405
0 0.5206327372764786 0.07741198858230257 0.2077028885832187 0.1529210275927688
0 0.5887207702888583 0.841360608943863 0.11279229711141678 0.07178877259752617
0 0.202888583218707 0.89895337773549 0.32324621733149933 0.20210275927687915
0 0.6969463548830812 0.40764034253092296 0.10009628610729022 0.060447193149381545