0 0.6004126547455296 0.9576593720266413 0.11141678129298486 0.08087535680304472
0 0.7439477303988996 0.14094196003805898 0.09491059147180192 0.04569933396764986
0 0.7878404401650619 0.21167459562321597 0.1066162310866575 0.08489058039961941
0 0.53232462173315 0.21550903901046622 0.08803301237964237 0.07706945765937202
0 0.10522696011004126 0.2226450999048525 0.09491059147180192 0.06850618458610847
0 0.8459422283356258 0.3799714557564225 0.3081155433287483 0.1928734538534729
0 0.18982118294360384 0.43054234062797336 0.2063273727647868 0.14176974310180782
0 0.7462173314993122 0.5350333016175072 0.17744154057771663 0.10023786869647953
0 0.8996561210453919 0.048154138915318744 0.14514442916093534 0.09630827783063749
0 0.6404814305364511 0.05722169362511893 0.3586382393397524 0.11445290199809706
0 0.6086657496561211 0.659847764034253 0.16918844566712518 0.0922930542340628
0 0.3700137551581843 0.670313986679353 0.1375515818431912 0.0675547098001903
0 0.37903713892709767 0.07231208372978117 0.158363136176066 0.13320647002854424
0 0.7530949105914718 0.7854424357754519 0.24621733149931224 0.14176974310180782
0 0.49449793672627235 0.7892483349191246 0.16918844566712518 0.10941960038058991
0 0.15818431911966988 0.9148430066603235 0.20082530949105915 0.170313986679353